BASE: 3
1 (1)
3 (10)
9 (100)
13 (111)
17 (122)
23 (212)
25 (221)
27 (1000)
31 (1011)
35 (1022)
37 (1101)
39 (1110)
47 (1202)
51 (1220)
53 (1222)
59 (2012)
61 (2021)
65 (2102)
69 (2120)
71 (2122)
73 (2201)
75 (2210)
77 (2212)
79 (2221)
81 (10000)
85 (10011)
89 (10022)
91 (10101)
93 (10110)
101 (10202)
105 (10220)
107 (10222)
109 (11001)
111 (11010)
117 (11100)
137 (12002)
141 (12020)
143 (12022)
153 (12200)
155 (12202)
159 (12220)
161 (12222)
167 (20012)
169 (20021)
173 (20102)
177 (20120)
179 (20122)
181 (20201)
183 (20210)
185 (20212)
187 (20221)
191 (21002)
195 (21020)
197 (21022)
207 (21200)
209 (21202)
213 (21220)
215 (21222)
217 (22001)
219 (22010)
221 (22012)
223 (22021)
225 (22100)
227 (22102)
231 (22120)
233 (22122)
235 (22201)
237 (22210)
239 (22212)
241 (22221)
243 (100000)
247 (100011)
251 (100022)
253 (100101)
255 (100110)
263 (100202)
267 (100220)
269 (100222)
271 (101001)
273 (101010)
279 (101100)
299 (102002)
303 (102020)
305 (102022)
315 (102200)
317 (102202)
321 (102220)
323 (102222)
325 (110001)
327 (110010)
333 (110100)
351 (111000)
365 (111112)
367 (111121)
373 (111211)
391 (112111)
407 (120002)
411 (120020)
413 (120022)
423 (120200)
425 (120202)
429 (120220)
431 (120222)
445 (121111)
459 (122000)
461 (122002)
465 (122020)
467 (122022)
477 (122200)
479 (122202)
483 (122220)
491 (200012)
493 (200021)
497 (200102)
501 (200120)
503 (200122)
505 (200201)
507 (200210)
509 (200212)
511 (200221)
515 (201002)
519 (201020)
521 (201022)
531 (201200)
533 (201202)
537 (201220)
539 (201222)
541 (202001)
543 (202010)
545 (202012)
547 (202021)
549 (202100)
551 (202102)
555 (202120)
557 (202122)
559 (202201)
561 (202210)
563 (202212)
565 (202221)
569 (210002)
573 (210020)
575 (210022)
585 (210200)
587 (210202)
591 (210220)
593 (210222)
607 (211111)
621 (212000)
623 (212002)
627 (212020)
629 (212022)
639 (212200)
641 (212202)
645 (212220)
649 (220001)
651 (220010)
653 (220012)
655 (220021)
657 (220100)
659 (220102)
663 (220120)
665 (220122)
667 (220201)
669 (220210)
671 (220212)
673 (220221)
675 (221000)
677 (221002)
681 (221020)
683 (221022)
693 (221200)
695 (221202)
699 (221220)
703 (222001)
705 (222010)
707 (222012)
709 (222021)
711 (222100)
713 (222102)
717 (222120)
721 (222201)
723 (222210)
729 (1000000)
733 (1000011)
737 (1000022)
739 (1000101)
741 (1000110)
749 (1000202)
753 (1000220)
755 (1000222)
757 (1001001)
759 (1001010)
765 (1001100)
785 (1002002)
789 (1002020)
791 (1002022)
801 (1002200)
803 (1002202)
807 (1002220)
809 (1002222)
811 (1010001)
813 (1010010)
819 (1010100)
837 (1011000)
851 (1011112)
853 (1011121)
859 (1011211)
877 (1012111)
893 (1020002)
897 (1020020)
899 (1020022)
909 (1020200)
911 (1020202)
915 (1020220)
917 (1020222)
931 (1021111)
945 (1022000)
947 (1022002)
951 (1022020)
953 (1022022)
963 (1022200)
965 (1022202)
969 (1022220)
973 (1100001)
975 (1100010)
981 (1100100)
999 (1101000)

BASE: 4
1 (1)
2 (2)
3 (3)
4 (10)
5 (11)
6 (12)
7 (13)
8 (20)
9 (21)
10 (22)
11 (23)
12 (30)
13 (31)
14 (32)
15 (33)
16 (100)
17 (101)
18 (102)
19 (103)
20 (110)
21 (111)
22 (112)
23 (113)
24 (120)
25 (121)
26 (122)
27 (123)
28 (130)
29 (131)
30 (132)
31 (133)
32 (200)
33 (201)
34 (202)
35 (203)
36 (210)
37 (211)
38 (212)
39 (213)
40 (220)
41 (221)
42 (222)
43 (223)
44 (230)
45 (231)
46 (232)
47 (233)
48 (300)
49 (301)
50 (302)
51 (303)
52 (310)
53 (311)
54 (312)
55 (313)
56 (320)
57 (321)
58 (322)
59 (323)
60 (330)
61 (331)
62 (332)
63 (333)
64 (1000)
65 (1001)
66 (1002)
67 (1003)
68 (1010)
69 (1011)
70 (1012)
71 (1013)
72 (1020)
73 (1021)
74 (1022)
75 (1023)
76 (1030)
77 (1031)
78 (1032)
79 (1033)
80 (1100)
81 (1101)
82 (1102)
83 (1103)
84 (1110)
85 (1111)
86 (1112)
87 (1113)
88 (1120)
89 (1121)
90 (1122)
91 (1123)
92 (1130)
93 (1131)
94 (1132)
95 (1133)
96 (1200)
97 (1201)
98 (1202)
99 (1203)
100 (1210)
101 (1211)
102 (1212)
103 (1213)
104 (1220)
105 (1221)
106 (1222)
107 (1223)
108 (1230)
109 (1231)
110 (1232)
111 (1233)
112 (1300)
113 (1301)
114 (1302)
115 (1303)
116 (1310)
117 (1311)
118 (1312)
119 (1313)
120 (1320)
121 (1321)
122 (1322)
123 (1323)
124 (1330)
125 (1331)
126 (1332)
127 (1333)
128 (2000)
129 (2001)
130 (2002)
131 (2003)
132 (2010)
133 (2011)
134 (2012)
135 (2013)
136 (2020)
137 (2021)
138 (2022)
139 (2023)
140 (2030)
141 (2031)
142 (2032)
143 (2033)
144 (2100)
145 (2101)
146 (2102)
147 (2103)
148 (2110)
149 (2111)
150 (2112)
151 (2113)
152 (2120)
153 (2121)
154 (2122)
155 (2123)
156 (2130)
157 (2131)
158 (2132)
159 (2133)
160 (2200)
161 (2201)
162 (2202)
163 (2203)
164 (2210)
165 (2211)
166 (2212)
167 (2213)
168 (2220)
169 (2221)
170 (2222)
171 (2223)
172 (2230)
173 (2231)
174 (2232)
175 (2233)
176 (2300)
177 (2301)
178 (2302)
179 (2303)
180 (2310)
181 (2311)
182 (2312)
183 (2313)
184 (2320)
185 (2321)
186 (2322)
187 (2323)
188 (2330)
189 (2331)
190 (2332)
191 (2333)
192 (3000)
193 (3001)
194 (3002)
195 (3003)
196 (3010)
197 (3011)
198 (3012)
199 (3013)
200 (3020)
201 (3021)
202 (3022)
203 (3023)
204 (3030)
205 (3031)
206 (3032)
207 (3033)
208 (3100)
209 (3101)
210 (3102)
211 (3103)
212 (3110)
213 (3111)
214 (3112)
215 (3113)
216 (3120)
217 (3121)
218 (3122)
219 (3123)
220 (3130)
221 (3131)
222 (3132)
223 (3133)
224 (3200)
225 (3201)
226 (3202)
227 (3203)
228 (3210)
229 (3211)
230 (3212)
231 (3213)
232 (3220)
233 (3221)
234 (3222)
235 (3223)
236 (3230)
237 (3231)
238 (3232)
239 (3233)
240 (3300)
241 (3301)
242 (3302)
243 (3303)
244 (3310)
245 (3311)
246 (3312)
247 (3313)
248 (3320)
249 (3321)
250 (3322)
251 (3323)
252 (3330)
253 (3331)
254 (3332)
255 (3333)
256 (10000)
257 (10001)
258 (10002)
259 (10003)
260 (10010)
261 (10011)
262 (10012)
263 (10013)
264 (10020)
265 (10021)
266 (10022)
267 (10023)
268 (10030)
269 (10031)
270 (10032)
271 (10033)
272 (10100)
273 (10101)
274 (10102)
275 (10103)
276 (10110)
277 (10111)
278 (10112)
279 (10113)
280 (10120)
281 (10121)
282 (10122)
283 (10123)
284 (10130)
285 (10131)
286 (10132)
287 (10133)
288 (10200)
289 (10201)
290 (10202)
291 (10203)
292 (10210)
293 (10211)
294 (10212)
295 (10213)
296 (10220)
297 (10221)
298 (10222)
299 (10223)
300 (10230)
301 (10231)
302 (10232)
303 (10233)
304 (10300)
305 (10301)
306 (10302)
307 (10303)
308 (10310)
309 (10311)
310 (10312)
311 (10313)
312 (10320)
313 (10321)
314 (10322)
315 (10323)
316 (10330)
317 (10331)
318 (10332)
319 (10333)
320 (11000)
321 (11001)
322 (11002)
323 (11003)
324 (11010)
325 (11011)
326 (11012)
327 (11013)
328 (11020)
329 (11021)
330 (11022)
331 (11023)
332 (11030)
333 (11031)
334 (11032)
335 (11033)
336 (11100)
337 (11101)
338 (11102)
339 (11103)
340 (11110)
341 (11111)
342 (11112)
343 (11113)
344 (11120)
345 (11121)
346 (11122)
347 (11123)
348 (11130)
349 (11131)
350 (11132)
351 (11133)
352 (11200)
353 (11201)
354 (11202)
355 (11203)
356 (11210)
357 (11211)
358 (11212)
359 (11213)
360 (11220)
361 (11221)
362 (11222)
363 (11223)
364 (11230)
365 (11231)
366 (11232)
367 (11233)
368 (11300)
369 (11301)
370 (11302)
371 (11303)
372 (11310)
373 (11311)
374 (11312)
375 (11313)
376 (11320)
377 (11321)
378 (11322)
379 (11323)
380 (11330)
381 (11331)
382 (11332)
383 (11333)
384 (12000)
385 (12001)
386 (12002)
387 (12003)
388 (12010)
389 (12011)
390 (12012)
391 (12013)
392 (12020)
393 (12021)
394 (12022)
395 (12023)
396 (12030)
397 (12031)
398 (12032)
399 (12033)
400 (12100)
401 (12101)
402 (12102)
403 (12103)
404 (12110)
405 (12111)
406 (12112)
407 (12113)
408 (12120)
409 (12121)
410 (12122)
411 (12123)
412 (12130)
413 (12131)
414 (12132)
415 (12133)
416 (12200)
417 (12201)
418 (12202)
419 (12203)
420 (12210)
421 (12211)
422 (12212)
423 (12213)
424 (12220)
425 (12221)
426 (12222)
427 (12223)
428 (12230)
429 (12231)
430 (12232)
431 (12233)
432 (12300)
433 (12301)
434 (12302)
435 (12303)
436 (12310)
437 (12311)
438 (12312)
439 (12313)
440 (12320)
441 (12321)
442 (12322)
443 (12323)
444 (12330)
445 (12331)
446 (12332)
447 (12333)
448 (13000)
449 (13001)
450 (13002)
451 (13003)
452 (13010)
453 (13011)
454 (13012)
455 (13013)
456 (13020)
457 (13021)
458 (13022)
459 (13023)
460 (13030)
461 (13031)
462 (13032)
463 (13033)
464 (13100)
465 (13101)
466 (13102)
467 (13103)
468 (13110)
469 (13111)
470 (13112)
471 (13113)
472 (13120)
473 (13121)
474 (13122)
475 (13123)
476 (13130)
477 (13131)
478 (13132)
479 (13133)
480 (13200)
481 (13201)
482 (13202)
483 (13203)
484 (13210)
485 (13211)
486 (13212)
487 (13213)
488 (13220)
489 (13221)
490 (13222)
491 (13223)
492 (13230)
493 (13231)
494 (13232)
495 (13233)
496 (13300)
497 (13301)
498 (13302)
499 (13303)
500 (13310)
501 (13311)
502 (13312)
503 (13313)
504 (13320)
505 (13321)
506 (13322)
507 (13323)
508 (13330)
509 (13331)
510 (13332)
511 (13333)
512 (20000)
513 (20001)
514 (20002)
515 (20003)
516 (20010)
517 (20011)
518 (20012)
519 (20013)
520 (20020)
521 (20021)
522 (20022)
523 (20023)
524 (20030)
525 (20031)
526 (20032)
527 (20033)
528 (20100)
529 (20101)
530 (20102)
531 (20103)
532 (20110)
533 (20111)
534 (20112)
535 (20113)
536 (20120)
537 (20121)
538 (20122)
539 (20123)
540 (20130)
541 (20131)
542 (20132)
543 (20133)
544 (20200)
545 (20201)
546 (20202)
547 (20203)
548 (20210)
549 (20211)
550 (20212)
551 (20213)
552 (20220)
553 (20221)
554 (20222)
555 (20223)
556 (20230)
557 (20231)
558 (20232)
559 (20233)
560 (20300)
561 (20301)
562 (20302)
563 (20303)
564 (20310)
565 (20311)
566 (20312)
567 (20313)
568 (20320)
569 (20321)
570 (20322)
571 (20323)
572 (20330)
573 (20331)
574 (20332)
575 (20333)
576 (21000)
577 (21001)
578 (21002)
579 (21003)
580 (21010)
581 (21011)
582 (21012)
583 (21013)
584 (21020)
585 (21021)
586 (21022)
587 (21023)
588 (21030)
589 (21031)
590 (21032)
591 (21033)
592 (21100)
593 (21101)
594 (21102)
595 (21103)
596 (21110)
597 (21111)
598 (21112)
599 (21113)
600 (21120)
601 (21121)
602 (21122)
603 (21123)
604 (21130)
605 (21131)
606 (21132)
607 (21133)
608 (21200)
609 (21201)
610 (21202)
611 (21203)
612 (21210)
613 (21211)
614 (21212)
615 (21213)
616 (21220)
617 (21221)
618 (21222)
619 (21223)
620 (21230)
621 (21231)
622 (21232)
623 (21233)
624 (21300)
625 (21301)
626 (21302)
627 (21303)
628 (21310)
629 (21311)
630 (21312)
631 (21313)
632 (21320)
633 (21321)
634 (21322)
635 (21323)
636 (21330)
637 (21331)
638 (21332)
639 (21333)
640 (22000)
641 (22001)
642 (22002)
643 (22003)
644 (22010)
645 (22011)
646 (22012)
647 (22013)
648 (22020)
649 (22021)
650 (22022)
651 (22023)
652 (22030)
653 (22031)
654 (22032)
655 (22033)
656 (22100)
657 (22101)
658 (22102)
659 (22103)
660 (22110)
661 (22111)
662 (22112)
663 (22113)
664 (22120)
665 (22121)
666 (22122)
667 (22123)
668 (22130)
669 (22131)
670 (22132)
671 (22133)
672 (22200)
673 (22201)
674 (22202)
675 (22203)
676 (22210)
677 (22211)
678 (22212)
679 (22213)
680 (22220)
681 (22221)
682 (22222)
683 (22223)
684 (22230)
685 (22231)
686 (22232)
687 (22233)
688 (22300)
689 (22301)
690 (22302)
691 (22303)
692 (22310)
693 (22311)
694 (22312)
695 (22313)
696 (22320)
697 (22321)
698 (22322)
699 (22323)
700 (22330)
701 (22331)
702 (22332)
703 (22333)
704 (23000)
705 (23001)
706 (23002)
707 (23003)
708 (23010)
709 (23011)
710 (23012)
711 (23013)
712 (23020)
713 (23021)
714 (23022)
715 (23023)
716 (23030)
717 (23031)
718 (23032)
719 (23033)
720 (23100)
721 (23101)
722 (23102)
723 (23103)
724 (23110)
725 (23111)
726 (23112)
727 (23113)
728 (23120)
729 (23121)
730 (23122)
731 (23123)
732 (23130)
733 (23131)
734 (23132)
735 (23133)
736 (23200)
737 (23201)
738 (23202)
739 (23203)
740 (23210)
741 (23211)
742 (23212)
743 (23213)
744 (23220)
745 (23221)
746 (23222)
747 (23223)
748 (23230)
749 (23231)
750 (23232)
751 (23233)
752 (23300)
753 (23301)
754 (23302)
755 (23303)
756 (23310)
757 (23311)
758 (23312)
759 (23313)
760 (23320)
761 (23321)
762 (23322)
763 (23323)
764 (23330)
765 (23331)
766 (23332)
767 (23333)
768 (30000)
769 (30001)
770 (30002)
771 (30003)
772 (30010)
773 (30011)
774 (30012)
775 (30013)
776 (30020)
777 (30021)
778 (30022)
779 (30023)
780 (30030)
781 (30031)
782 (30032)
783 (30033)
784 (30100)
785 (30101)
786 (30102)
787 (30103)
788 (30110)
789 (30111)
790 (30112)
791 (30113)
792 (30120)
793 (30121)
794 (30122)
795 (30123)
796 (30130)
797 (30131)
798 (30132)
799 (30133)
800 (30200)
801 (30201)
802 (30202)
803 (30203)
804 (30210)
805 (30211)
806 (30212)
807 (30213)
808 (30220)
809 (30221)
810 (30222)
811 (30223)
812 (30230)
813 (30231)
814 (30232)
815 (30233)
816 (30300)
817 (30301)
818 (30302)
819 (30303)
820 (30310)
821 (30311)
822 (30312)
823 (30313)
824 (30320)
825 (30321)
826 (30322)
827 (30323)
828 (30330)
829 (30331)
830 (30332)
831 (30333)
832 (31000)
833 (31001)
834 (31002)
835 (31003)
836 (31010)
837 (31011)
838 (31012)
839 (31013)
840 (31020)
841 (31021)
842 (31022)
843 (31023)
844 (31030)
845 (31031)
846 (31032)
847 (31033)
848 (31100)
849 (31101)
850 (31102)
851 (31103)
852 (31110)
853 (31111)
854 (31112)
855 (31113)
856 (31120)
857 (31121)
858 (31122)
859 (31123)
860 (31130)
861 (31131)
862 (31132)
863 (31133)
864 (31200)
865 (31201)
866 (31202)
867 (31203)
868 (31210)
869 (31211)
870 (31212)
871 (31213)
872 (31220)
873 (31221)
874 (31222)
875 (31223)
876 (31230)
877 (31231)
878 (31232)
879 (31233)
880 (31300)
881 (31301)
882 (31302)
883 (31303)
884 (31310)
885 (31311)
886 (31312)
887 (31313)
888 (31320)
889 (31321)
890 (31322)
891 (31323)
892 (31330)
893 (31331)
894 (31332)
895 (31333)
896 (32000)
897 (32001)
898 (32002)
899 (32003)
900 (32010)
901 (32011)
902 (32012)
903 (32013)
904 (32020)
905 (32021)
906 (32022)
907 (32023)
908 (32030)
909 (32031)
910 (32032)
911 (32033)
912 (32100)
913 (32101)
914 (32102)
915 (32103)
916 (32110)
917 (32111)
918 (32112)
919 (32113)
920 (32120)
921 (32121)
922 (32122)
923 (32123)
924 (32130)
925 (32131)
926 (32132)
927 (32133)
928 (32200)
929 (32201)
930 (32202)
931 (32203)
932 (32210)
933 (32211)
934 (32212)
935 (32213)
936 (32220)
937 (32221)
938 (32222)
939 (32223)
940 (32230)
941 (32231)
942 (32232)
943 (32233)
944 (32300)
945 (32301)
946 (32302)
947 (32303)
948 (32310)
949 (32311)
950 (32312)
951 (32313)
952 (32320)
953 (32321)
954 (32322)
955 (32323)
956 (32330)
957 (32331)
958 (32332)
959 (32333)
960 (33000)
961 (33001)
962 (33002)
963 (33003)
964 (33010)
965 (33011)
966 (33012)
967 (33013)
968 (33020)
969 (33021)
970 (33022)
971 (33023)
972 (33030)
973 (33031)
974 (33032)
975 (33033)
976 (33100)
977 (33101)
978 (33102)
979 (33103)
980 (33110)
981 (33111)
982 (33112)
983 (33113)
984 (33120)
985 (33121)
986 (33122)
987 (33123)
988 (33130)
989 (33131)
990 (33132)
991 (33133)
992 (33200)
993 (33201)
994 (33202)
995 (33203)
996 (33210)
997 (33211)
998 (33212)
999 (33213)

BASE: 5
1 (1)
5 (10)
7 (12)
11 (21)
19 (34)
23 (43)
25 (100)
27 (102)
33 (113)
35 (120)
41 (131)
43 (133)
49 (144)
51 (201)
55 (210)
79 (304)
81 (311)
83 (313)
91 (331)
93 (333)
95 (340)
99 (344)
103 (403)
109 (414)
115 (430)
119 (434)
121 (441)
123 (443)
125 (1000)
127 (1002)
133 (1013)
135 (1020)
141 (1031)
143 (1033)
149 (1044)
153 (1103)
157 (1112)
159 (1114)
161 (1121)
165 (1130)
169 (1134)
171 (1141)
173 (1143)
175 (1200)
181 (1211)
189 (1224)
193 (1233)
197 (1242)
201 (1301)
203 (1303)
205 (1310)
209 (1314)
213 (1323)
215 (1330)
217 (1332)
219 (1334)
221 (1341)
223 (1343)
229 (1404)
231 (1411)
233 (1413)
237 (1422)
241 (1431)
243 (1433)
245 (1440)
249 (1444)
251 (2001)
255 (2010)
275 (2100)
281 (2111)
289 (2124)
293 (2133)
297 (2142)
309 (2214)
319 (2234)
321 (2241)
323 (2243)
333 (2313)
339 (2324)
341 (2331)
347 (2342)
357 (2412)
361 (2421)
363 (2423)
367 (2432)
379 (3004)
381 (3011)
383 (3013)
391 (3031)
393 (3033)
395 (3040)
399 (3044)
401 (3101)
403 (3103)
405 (3110)
409 (3114)
413 (3123)
415 (3130)
417 (3132)
419 (3134)
421 (3141)
423 (3143)
433 (3213)
439 (3224)
441 (3231)
447 (3242)
451 (3301)
453 (3303)
455 (3310)
457 (3312)
459 (3314)
461 (3321)
465 (3330)
469 (3334)
471 (3341)
473 (3343)
475 (3400)
479 (3404)
481 (3411)
483 (3413)
487 (3422)
491 (3431)
493 (3433)
495 (3440)
503 (4003)
509 (4014)
515 (4030)
519 (4034)
521 (4041)
523 (4043)
529 (4104)
531 (4111)
533 (4113)
537 (4122)
541 (4131)
543 (4133)
545 (4140)
549 (4144)
557 (4212)
561 (4221)
563 (4223)
567 (4232)
575 (4300)
579 (4304)
581 (4311)
583 (4313)
587 (4322)
591 (4331)
593 (4333)
595 (4340)
601 (4401)
603 (4403)
605 (4410)
609 (4414)
615 (4430)
621 (4441)
625 (10000)
627 (10002)
633 (10013)
635 (10020)
641 (10031)
643 (10033)
649 (10044)
653 (10103)
657 (10112)
659 (10114)
661 (10121)
665 (10130)
669 (10134)
671 (10141)
673 (10143)
675 (10200)
681 (10211)
689 (10224)
693 (10233)
697 (10242)
701 (10301)
703 (10303)
705 (10310)
709 (10314)
713 (10323)
715 (10330)
717 (10332)
719 (10334)
721 (10341)
723 (10343)
729 (10404)
731 (10411)
733 (10413)
737 (10422)
741 (10431)
743 (10433)
745 (10440)
749 (10444)
753 (11003)
757 (11012)
759 (11014)
761 (11021)
765 (11030)
769 (11034)
771 (11041)
773 (11043)
777 (11102)
779 (11104)
781 (11111)
785 (11120)
787 (11122)
789 (11124)
795 (11140)
797 (11142)
799 (11144)
801 (11201)
805 (11210)
807 (11212)
809 (11214)
811 (11221)
813 (11223)
817 (11232)
821 (11241)
825 (11300)
829 (11304)
837 (11322)
845 (11340)
849 (11344)
851 (11401)
853 (11403)
855 (11410)
857 (11412)
859 (11414)
861 (11421)
865 (11430)
869 (11434)
871 (11441)
873 (11443)
875 (12000)
881 (12011)
889 (12024)
893 (12033)
897 (12042)
901 (12101)
905 (12110)
907 (12112)
909 (12114)
911 (12121)
913 (12123)
917 (12132)
921 (12141)
929 (12204)
931 (12211)
933 (12213)
941 (12231)
943 (12233)
945 (12240)
949 (12244)
953 (12303)
957 (12312)
961 (12321)
963 (12323)
965 (12330)
967 (12332)
977 (12402)
981 (12411)
985 (12420)
989 (12424)
997 (12442)

BASE: 6
1 (1)
6 (10)
36 (100)
44 (112)
49 (121)
79 (211)
100 (244)
160 (424)
170 (442)
216 (1000)
224 (1012)
229 (1021)
254 (1102)
264 (1120)
275 (1135)
285 (1153)
289 (1201)
294 (1210)
335 (1315)
347 (1335)
355 (1351)
357 (1353)
388 (1444)
405 (1513)
415 (1531)
417 (1533)
439 (2011)
460 (2044)
469 (2101)
474 (2110)
533 (2245)
538 (2254)
580 (2404)
593 (2425)
600 (2440)
608 (2452)
628 (2524)
638 (2542)
647 (2555)
695 (3115)
707 (3135)
715 (3151)
717 (3153)
767 (3315)
777 (3333)
787 (3351)
835 (3511)
837 (3513)
847 (3531)
880 (4024)
890 (4042)
928 (4144)
940 (4204)
953 (4225)
960 (4240)
968 (4252)

BASE: 7
1 (1)
7 (10)
49 (100)
125 (236)
143 (263)
167 (326)
191 (362)
311 (623)
317 (632)
343 (1000)
401 (1112)
407 (1121)
449 (1211)
571 (1444)
713 (2036)
731 (2063)
743 (2111)
817 (2245)
823 (2254)
839 (2306)
875 (2360)
901 (2425)
919 (2452)
949 (2524)
961 (2542)
983 (2603)

BASE: 8
1 (1)
8 (10)
18 (22)
27 (33)
64 (100)
76 (114)
77 (115)
97 (141)
105 (151)
130 (202)
144 (220)
182 (266)
195 (303)
216 (330)
219 (333)
265 (411)
302 (456)
309 (465)
329 (511)
358 (546)
372 (564)
374 (566)
406 (626)
421 (645)
428 (654)
430 (656)
434 (662)
437 (665)
512 (1000)
524 (1014)
525 (1015)
545 (1041)
553 (1051)
580 (1104)
581 (1105)
604 (1134)
608 (1140)
611 (1143)
616 (1150)
623 (1157)
637 (1175)
659 (1223)
666 (1232)
694 (1266)
716 (1314)
722 (1322)
737 (1341)
769 (1401)
776 (1410)
779 (1413)
793 (1431)
833 (1501)
840 (1510)
847 (1517)
877 (1555)
889 (1571)
918 (1626)
946 (1662)
973 (1715)

BASE: 9
1 (1)
3 (3)
9 (10)
27 (30)
81 (100)
91 (111)
95 (115)
101 (122)
125 (148)
127 (151)
143 (168)
157 (184)
159 (186)
173 (212)
181 (221)
243 (300)
273 (333)
303 (366)
341 (418)
367 (447)
385 (467)
391 (474)
393 (476)
397 (481)
415 (511)
467 (568)
483 (586)
503 (618)
519 (636)
529 (647)
539 (658)
543 (663)
553 (674)
559 (681)
563 (685)
607 (744)
609 (746)
625 (764)
661 (814)
663 (816)
685 (841)
699 (856)
703 (861)
707 (865)
729 (1000)
739 (1011)
743 (1015)
749 (1022)
773 (1048)
775 (1051)
791 (1068)
805 (1084)
807 (1086)
811 (1101)
815 (1105)
819 (1110)
841 (1134)
849 (1143)
855 (1150)
863 (1158)
887 (1185)
893 (1202)
909 (1220)
985 (1314)

BASE: 10
1 (1)
7 (7)
10 (10)
13 (13)
19 (19)
23 (23)
28 (28)
31 (31)
32 (32)
44 (44)
49 (49)
68 (68)
70 (70)
79 (79)
82 (82)
86 (86)
91 (91)
94 (94)
97 (97)
100 (100)
103 (103)
109 (109)
129 (129)
130 (130)
133 (133)
139 (139)
167 (167)
176 (176)
188 (188)
190 (190)
192 (192)
193 (193)
203 (203)
208 (208)
219 (219)
226 (226)
230 (230)
236 (236)
239 (239)
262 (262)
263 (263)
280 (280)
291 (291)
293 (293)
301 (301)
302 (302)
310 (310)
313 (313)
319 (319)
320 (320)
326 (326)
329 (329)
331 (331)
338 (338)
356 (356)
362 (362)
365 (365)
367 (367)
368 (368)
376 (376)
379 (379)
383 (383)
386 (386)
391 (391)
392 (392)
397 (397)
404 (404)
409 (409)
440 (440)
446 (446)
464 (464)
469 (469)
478 (478)
487 (487)
490 (490)
496 (496)
536 (536)
556 (556)
563 (563)
565 (565)
566 (566)
608 (608)
617 (617)
622 (622)
623 (623)
632 (632)
635 (635)
637 (637)
638 (638)
644 (644)
649 (649)
653 (653)
655 (655)
656 (656)
665 (665)
671 (671)
673 (673)
680 (680)
683 (683)
694 (694)
700 (700)
709 (709)
716 (716)
736 (736)
739 (739)
748 (748)
761 (761)
763 (763)
784 (784)
790 (790)
793 (793)
802 (802)
806 (806)
818 (818)
820 (820)
833 (833)
836 (836)
847 (847)
860 (860)
863 (863)
874 (874)
881 (881)
888 (888)
899 (899)
901 (901)
904 (904)
907 (907)
910 (910)
912 (912)
913 (913)
921 (921)
923 (923)
931 (931)
932 (932)
937 (937)
940 (940)
946 (946)
964 (964)
970 (970)
973 (973)
989 (989)
998 (998)

BASE: 11
1 (1)
11 (10)
121 (100)
135 (113)
155 (131)
317 (269)
347 (296)
375 (311)
691 (579)
711 (597)
757 (629)
799 (667)
809 (676)
827 (692)
911 (759)
919 (766)
951 (795)

BASE: 12
1 (1)
12 (10)
144 (100)
314 (222)
680 (488)

BASE: 13
1 (1)
13 (10)
29 (23)
31 (25)
41 (32)
57 (45)
67 (52)
69 (54)
77 (5C)
161 (C5)
169 (100)
201 (126)
203 (128)
233 (14C)
249 (162)
275 (182)
297 (19B)
309 (1AA)
321 (1B9)
329 (1C4)
341 (203)
343 (205)
357 (216)
359 (218)
371 (227)
377 (230)
381 (234)
385 (238)
393 (243)
397 (247)
403 (250)
417 (261)
427 (26B)
431 (272)
433 (274)
443 (281)
445 (283)
487 (2B6)
509 (302)
533 (320)
537 (324)
541 (328)
553 (337)
561 (342)
563 (344)
571 (34C)
601 (373)
613 (382)
667 (3C4)
675 (3CC)
681 (405)
701 (41C)
705 (423)
709 (427)
717 (432)
719 (434)
727 (43C)
731 (443)
733 (445)
741 (450)
745 (454)
747 (456)
759 (465)
769 (472)
789 (489)
791 (48B)
801 (498)
827 (4B8)
833 (4C1)
835 (4C3)
847 (502)
849 (504)
857 (50C)
871 (520)
897 (540)
901 (544)
903 (546)
927 (564)
933 (56A)
961 (58C)
981 (5A6)

BASE: 14
1 (1)
14 (10)
196 (100)
227 (123)
240 (132)
409 (213)
435 (231)
604 (312)
617 (321)
699 (37D)
777 (3D7)
880 (46C)
958 (4C6)

BASE: 15
1 (1)
15 (10)
147 (9C)
189 (C9)
225 (100)
311 (15B)
395 (1B5)
523 (24D)
539 (25E)
581 (28B)
611 (2AB)
623 (2B8)
625 (2BA)
649 (2D4)
665 (2E5)
777 (36C)
861 (3C6)
943 (42D)

BASE: 16
1 (1)
2 (2)
4 (4)
6 (6)
8 (8)
11 (B)
16 (10)
17 (11)
20 (14)
24 (18)
27 (1B)
32 (20)
34 (22)
36 (24)
38 (26)
39 (27)
40 (28)
53 (35)
59 (3B)
64 (40)
65 (41)
66 (42)
68 (44)
71 (47)
74 (4A)
83 (53)
87 (57)
88 (58)
89 (59)
96 (60)
98 (62)
105 (69)
106 (6A)
110 (6E)
114 (72)
116 (74)
117 (75)
119 (77)
121 (79)
122 (7A)
127 (7F)
128 (80)
129 (81)
130 (82)
133 (85)
136 (88)
138 (8A)
141 (8D)
142 (8E)
143 (8F)
149 (95)
150 (96)
151 (97)
158 (9E)
164 (A4)
166 (A6)
167 (A7)
168 (A8)
176 (B0)
177 (B1)
179 (B3)
190 (BE)
216 (D8)
230 (E6)
232 (E8)
233 (E9)
235 (EB)
238 (EE)
247 (F7)
248 (F8)
255 (FF)
256 (100)
257 (101)
260 (104)
264 (108)
267 (10B)
272 (110)
274 (112)
275 (113)
277 (115)
278 (116)
280 (118)
281 (119)
289 (121)
298 (12A)
300 (12C)
303 (12F)
305 (131)
311 (137)
312 (138)
314 (13A)
317 (13D)
319 (13F)
320 (140)
326 (146)
327 (147)
329 (149)
330 (14A)
331 (14B)
337 (151)
353 (161)
356 (164)
363 (16B)
366 (16E)
371 (173)
372 (174)
376 (178)
378 (17A)
383 (17F)
384 (180)
385 (181)
387 (183)
391 (187)
392 (188)
401 (191)
404 (194)
414 (19E)
418 (1A2)
419 (1A3)
420 (1A4)
423 (1A7)
431 (1AF)
432 (1B0)
436 (1B4)
438 (1B6)
450 (1C2)
460 (1CC)
461 (1CD)
467 (1D3)
476 (1DC)
478 (1DE)
486 (1E6)
489 (1E9)
493 (1ED)
498 (1F2)
499 (1F3)
503 (1F7)
506 (1FA)
512 (200)
514 (202)
516 (204)
518 (206)
519 (207)
520 (208)
529 (211)
538 (21A)
540 (21C)
543 (21F)
544 (220)
547 (223)
548 (224)
553 (229)
555 (22B)
557 (22D)
559 (22F)
562 (232)
565 (235)
575 (23F)
576 (240)
578 (242)
580 (244)
587 (24B)
588 (24C)
590 (24E)
595 (253)
598 (256)
601 (259)
602 (25A)
603 (25B)
608 (260)
613 (265)
615 (267)
617 (269)
624 (270)
630 (276)
632 (278)
639 (27F)
640 (280)
647 (287)
649 (289)
650 (28A)
654 (28E)
658 (292)
661 (295)
662 (296)
664 (298)
665 (299)
670 (29E)
673 (2A1)
677 (2A5)
680 (2A8)
684 (2AC)
686 (2AE)
687 (2AF)
690 (2B2)
692 (2B4)
693 (2B5)
705 (2C1)
708 (2C4)
714 (2CA)
717 (2CD)
722 (2D2)
732 (2DC)
740 (2E4)
744 (2E8)
745 (2E9)
746 (2EA)
753 (2F1)
754 (2F2)
755 (2F3)
759 (2F7)
762 (2FA)
773 (305)
779 (30B)
785 (311)
791 (317)
792 (318)
794 (31A)
797 (31D)
799 (31F)
802 (322)
805 (325)
815 (32F)
819 (333)
820 (334)
835 (343)
839 (347)
840 (348)
841 (349)
848 (350)
850 (352)
853 (355)
855 (357)
856 (358)
862 (35E)
875 (36B)
881 (371)
884 (374)
885 (375)
888 (378)
890 (37A)
891 (37B)
897 (381)
900 (384)
901 (385)
903 (387)
911 (38F)
916 (394)
922 (39A)
929 (3A1)
935 (3A7)
937 (3A9)
939 (3AB)
941 (3AD)
942 (3AE)
944 (3B0)
950 (3B6)
951 (3B7)
954 (3BA)
956 (3BC)
958 (3BE)
971 (3CB)
975 (3CF)
977 (3D1)
986 (3DA)
997 (3E5)

